CHR SNPID POS A1 A2 p.value p.value.NA Is.converge var1 var2 N AC AF
1 rs95331 95331 2 1 0.149644787748121 0.149644787748121 TRUE 0.0718643964144052 0.0765143741793559 1000 74 0.037
1 rs45080 45080 2 1 0.408324550547895 0.408324550547895 TRUE 0.0547120521993334 0.0580616891150164 1000 439 0.2195
1 rs130187 130187 2 1 0.250355394626278 0.250355394626278 TRUE 0.0964113913897733 0.104390736964761 1000 24 0.012
1 rs53279 53279 2 1 0.505026552355527 0.505026552355527 TRUE 0.0780347113916947 0.083263770783861 1000 46 0.023
1 rs149258 149258 2 1 0.436858649068986 0.436858649068986 TRUE 0.0719946021045284 0.0767634732204331 1000 134 0.067
1 rs129846 129846 2 1 0.96320847466152 0.96320847466152 TRUE 0.0644161522016165 0.0683541782335056 1000 242 0.121
1 rs117945 117945 2 1 0.610394179111455 0.610394179111455 TRUE 0.0730494744887937 0.0772980346799037 1000 45 0.0225
1 rs72070 72070 2 1 0.248582908454263 0.248582908454263 TRUE 0.0646856883718265 0.0687668238293272 1000 108 0.054
1 rs52923 52923 2 1 0.222910852724377 0.222910852724377 TRUE 0.0376576448753717 0.0401560028732494 1000 998 0.499
1 rs122536 122536 2 1 0.730698581749909 0.730698581749909 TRUE 0.0383863370382854 0.0407781584885663 1000 952 0.476
1 rs124508 124508 2 1 0.522773086169574 0.522773086169574 TRUE 0.0668126790464495 0.0709693024077533 1000 237 0.1185
1 rs77418 77418 2 1 0.881497765263498 0.881497765263498 TRUE 0.0410189878117597 0.0435562150318902 1000 929 0.4645
1 rs86745 86745 2 1 0.384970662176164 0.384970662176164 TRUE 0.066695546309195 0.0709331264422711 1000 220 0.11
1 rs22699 22699 2 1 0.453889714715281 0.453889714715281 TRUE 0.0748225649734594 0.0799539536861904 1000 126 0.063
1 rs104471 104471 2 1 0.650223576390282 0.650223576390282 TRUE 0.0453875872186788 0.0483837327878464 1000 821 0.4105
1 rs76782 76782 2 1 0.886113718107314 0.886113718107314 TRUE 0.0435977007967991 0.0464931531902723 1000 868 0.434
1 rs14820 14820 2 1 0.464349218842194 0.464349218842194 TRUE 0.0767803022749881 0.0813956250192394 1000 50 0.025
1 rs134868 134868 2 1 0.679794577811743 0.679794577811743 TRUE 0.0810634957786125 0.0865265309410296 1000 114 0.057
1 rs73016 73016 2 1 0.212809622514247 0.212809622514247 TRUE 0.0698243589077636 0.0740737263574641 1000 99 0.0495
1 rs100334 100334 2 1 0.915527477386458 0.915527477386458 TRUE 0.0639443720388668 0.0680664184573679 1000 276 0.138
1 rs86072 86072 2 1 0.90903214315462 0.90903214315462 TRUE 0.0703056410699265 0.0746618269821445 1000 153 0.0765
1 rs29832 29832 2 1 0.620947232272625 0.620947232272625 TRUE 0.0650115458712637 0.0690865894628373 1000 234 0.117
1 rs128227 128227 2 1 0.157520110529552 0.157520110529552 TRUE 0.0705906947016423 0.0747977200989102 1000 39 0.0195
1 rs88259 88259 2 1 0.837452278363931 0.837452278363931 TRUE 0.0652758237000981 0.0688720376843368 1000 55 0.0275
1 rs45093 45093 2 1 0.793505073971902 0.793505073971902 TRUE 0.0642119670753021 0.0682306582352595 1000 120 0.06
1 rs143010 143010 2 1 0.29017529982246 0.29017529982246 TRUE 0.080964538386235 0.0863751847228515 1000 40 0.02
1 rs55832 55832 2 1 0.144061636666441 0.144061636666441 TRUE 0.0576594592556596 0.0610060095350134 1000 420 0.21
1 rs16512 16512 2 1 0.449856104697328 0.449856104697328 TRUE 0.0654557791519071 0.0687567831426096 1000 25 0.0125
1 rs68153 68153 2 1 0.846526434122371 0.846526434122371 TRUE 0.0982067090472528 0.104965386511816 1000 25 0.0125
1 rs93038 93038 2 1 0.874461271005797 0.874461271005797 TRUE 0.0676534832355426 0.0712251574736784 1000 27 0.0135
